Advent of Code answers (for given input)
----------------------------------------
Day | Part 1        	| Part 2
----------------------------------------
  1 | 864864        	| 281473080 
  2 | 586	        	| 352 
  3 | 294	        	| 5774564250 
  4 | 196	        	| 114 
  5 | 944	        	| 554 
  6 | 6249	        	| 3103 
  7 | 289	        	| 30055 
  8 | 1528         		| 640 
  9 | 258585477         | 36981213 
 10 | 1820	        	| 3454189699072 
 11 | 2249	        	| 2023 
 12 | 820				| 66614 
 13 | 18630548206046 	| ? 
 14 | 18630548206046	| 4254673508445 
